Time (ps)	X Voltage (V)
0	-4.95913E-5
0.0667128190396304	-6.10356E-5
0.133425638079261	-6.67577E-5
0.200138457118891	-8.01091E-5
0.266851276158522	-7.43871E-5
0.333564095198152	-6.10356E-5
0.400276914237782	-6.10356E-5
0.466989733277413	-4.00546E-5
0.533702552317043	-3.62399E-5
0.600415371356674	-5.14986E-5
0.667128190396304	-4.00546E-5
0.733841009435934	-8.39238E-5
0.800553828475565	-1.50681E-4
0.867266647515195	-1.90736E-4
0.933979466554826	-3.52861E-4
1.00069228559446	-5.07358E-4
1.06740510463409	-7.26704E-4
1.13411792367372	-0.00101472
1.20083074271335	-0.00144769
1.26754356175298	-0.0019684
1.33425638079261	-0.00261308
1.40096919983224	-0.00336267
1.46768201887187	-0.00418475
1.5343948379115	-0.00495151
1.60110765695113	-0.00554088
1.66782047599076	-0.00569919
1.73453329503039	-0.00507358
1.80124611407002	-0.00337793
1.86795893310965	-3.62398E-4
1.93467175214928	0.00413707
2.00138457118891	0.0101929
2.06809739022854	0.0166494
2.13481020926817	0.0227891
2.2015230283078	0.0263158
2.26823584734744	0.0251256
2.33494866638707	0.0181409
2.4016614854267	0.00579646
2.46837430446633	-0.00873572
2.53508712350596	-0.0193273
2.60179994254559	-0.0216447
2.66851276158522	-0.015648
2.73522558062485	-0.00647357
2.80193839966448	-1.90736E-5
2.86865121870411	8.48774E-4
2.93536403774374	-0.00179864
3.00207685678337	-0.00382997
3.068789675823	-0.00294115
3.13550249486263	-3.43325E-5
3.20221531390226	0.00238229
3.26892813294189	0.00231172
3.33564095198152	7.82018E-5
3.40235377102115	-0.00240327
3.46906659006078	-0.00284196
3.53577940910041	-0.00112916
3.60249222814004	0.0010891
3.66920504717968	0.00197984
3.73591786621931	0.00120927
3.80263068525894	-2.70845E-4
3.86934350429857	-0.00145341
3.9360563233382	-0.00212671
4.00276914237783	-0.00234605
4.06948196141746	-0.00209619
4.13619478045709	-9.21253E-4
4.20290759949672	0.00117493
4.26962041853635	0.00319292
4.33633323757598	0.00403407
4.40304605661561	0.00310136
4.46975887565524	6.46595E-4
4.53647169469487	-0.0019684
4.6031845137345	-0.00319101
4.66989733277413	-0.00260164
4.73661015181376	-5.74116E-4
4.80332297085339	0.00107575
4.87003578989302	0.00115586
4.93674860893265	-7.43871E-5
5.00346142797228	-0.00120164
5.07017424701192	-0.00114251
5.13688706605155	-5.72207E-5
5.20359988509118	0.00116349
5.27031270413081	0.00162888
5.33702552317044	0.00125314
5.40373834221007	6.16077E-4
5.4704511612497	3.60491E-4
5.53716398028933	2.11717E-4
5.60387679932896	-4.6921E-4
5.67058961836859	-0.00175095
5.73730243740822	-0.00300218
5.80401525644785	-0.00315668
5.87072807548748	-0.00193597
5.93744089452711	-1.12534E-4
6.00415371356674	0.00139428
6.07086653260637	0.00210191
6.137579351646	0.00202753
6.20429217068563	0.00120354
6.27100498972526	-1.77384E-4
6.33771780876489	-0.00179101
6.40443062780453	-0.00295831
6.47114344684416	-0.00301553
6.53785626588379	-0.00162698
6.60456908492342	4.08174E-4
6.67128190396305	0.00201418
6.73799472300268	0.00230981
6.80470754204231	0.00117493
6.87142036108194	-2.65123E-4
6.93813318012157	-0.00102807
7.0048459991612	-6.67576E-4
7.07155881820083	1.86921E-4
7.13827163724046	7.51499E-4
7.20498445628009	4.71117E-4
7.27169727531972	-3.05178E-4
7.33841009435935	-8.43052E-4
7.40512291339898	-7.05723E-4
7.47183573243861	-9.91826E-5
7.53854855147824	1.79292E-4
7.60526137051787	-2.80382E-4
7.6719741895575	-0.00102998
7.73868700859713	-0.0010872
7.80539982763676	1.64033E-4
7.87211264667639	0.00175477
7.93882546571603	0.00219156
8.00553828475566	0.00108529
8.07225110379529	-6.5041E-4
8.13896392283492	-0.00135422
8.20567674187455	-5.7793E-4
8.27238956091418	8.73569E-4
8.33910237995381	0.0015564
8.40581519899344	9.25068E-4
8.47252801803307	-3.9673E-4
8.5392408370727	-0.00114632
8.60595365611233	-9.80385E-4
8.67266647515196	-4.10082E-4
8.73937929419159	-4.57766E-5
8.80609211323122	3.43325E-5
8.87280493227085	2.04087E-4
8.93951775131048	5.60764E-4
9.00623057035011	8.06812E-4
9.07294338938974	6.25614E-4
9.13965620842937	-7.05724E-5
9.20636902746901	-9.86107E-4
9.27308184650864	-0.0013733
9.33979466554826	-8.67847E-4
9.4065074845879	1.71663E-5
9.47322030362753	3.81472E-4
9.53993312266716	-4.76839E-5
9.60664594170679	-5.7793E-4
9.67335876074642	-2.68938E-4
9.74007157978605	6.46595E-4
9.80678439882568	0.00131799
9.87349721786531	9.89921E-4
9.94021003690494	-8.39238E-5
10.0069228559446	-9.61307E-4
10.0736356749842	-8.92643E-4
10.1403484940238	-9.34605E-5
10.2070613130635	4.86376E-4
10.2737741321031	3.66213E-4
10.3404869511427	-9.91826E-5
10.4071997701824	-2.25068E-4
10.473912589222	5.53133E-5
10.5406254082616	1.83106E-4
10.6073382273012	-2.0218E-4
10.6740510463409	-7.76295E-4
10.7407638653805	-7.53406E-4
10.8074766844201	6.48503E-5
10.8741895034598	0.00117112
10.9409023224994	0.00158883
11.007615141539	8.92643E-4
11.0743279605787	-3.29973E-4
11.1410407796183	-0.00118638
11.2077535986579	-0.00109864
11.2744664176975	-5.68394E-4
11.3411792367372	-2.3842E-4
11.4078920557768	-4.00545E-4
11.4746048748164	-7.00001E-4
11.5413176938561	-6.23707E-4
11.6080305128957	0
11.6747433319353	8.25886E-4
11.741456150975	0.00153542
11.8081689700146	0.00160981
11.8748817890542	0.00103188
11.9415946080939	1.96458E-4
12.0083074271335	-5.24525E-4
12.0750202461731	-6.7139E-4
12.1417330652127	-2.99456E-4
12.2084458842524	1.96458E-4
12.275158703292	4.08174E-4
12.3418715223316	1.12534E-4
12.4085843413713	-3.9673E-4
12.4752971604109	-6.88557E-4
12.5420099794505	-2.70845E-4
12.6087227984902	5.41691E-4
12.6754356175298	0.00115205
12.7421484365694	7.89646E-4
12.8088612556091	-2.51772E-4
12.8755740746487	-0.00107957
12.9422868936883	-0.00101853
13.0089997127279	-2.36512E-4
13.0757125317676	3.58583E-4
13.1424253508072	2.32697E-4
13.2091381698468	-3.81472E-4
13.2758509888865	-6.96186E-4
13.3425638079261	-3.35695E-4
13.4092766269657	2.44142E-4
13.4759894460054	5.66486E-4
13.542702265045	4.90192E-4
13.6094150840846	2.72753E-4
13.6761279031242	2.0218E-4
13.7428407221639	3.54769E-4
13.8095535412035	5.66486E-4
13.8762663602431	7.05723E-4
13.9429791792828	7.11445E-4
14.0096919983224	2.93734E-4
14.076404817362	-4.67302E-4
14.1431176364016	-0.00123978
14.2098304554413	-0.00149918
14.2765432744809	-0.00113107
14.3432560935205	-3.92916E-4
14.4099689125602	2.55587E-4
14.4766817315998	7.15259E-4
14.5433945506394	9.63215E-4
14.610107369679	0.0012169
14.6768201887187	0.00133324
14.7435330077583	9.65122E-4
14.8102458267979	2.47956E-5
14.8769586458376	-0.00121499
14.9436714648772	-0.00197221
15.0103842839168	-0.00177003
15.0770971029564	-8.10627E-4
15.1438099219961	2.88012E-4
15.2105227410357	8.83106E-4
15.2772355600753	8.77384E-4
15.343948379115	7.19074E-4
15.4106611981546	6.59946E-4
15.4773740171942	6.1417E-4
15.5440868362339	3.20436E-4
15.6107996552735	-1.44959E-4
15.6775124743131	-5.03544E-4
15.7442252933527	-4.21526E-4
15.8109381123924	1.14442E-5
15.877650931432	4.00545E-4
15.9443637504716	3.07085E-4
16.0110765695113	-2.78475E-4
16.0777893885509	-9.34605E-4
16.1445022075905	-0.00105477
16.2112150266301	-3.47139E-4
16.2779278456698	8.20164E-4
16.3446406647094	0.00179864
16.411353483749	0.00193978
16.4780663027887	0.00108529
16.5447791218283	-1.58311E-4
16.6114919408679	-0.00112534
16.6782047599075	-0.00150491
16.7449175789472	-0.0014267
16.8116303979868	-0.00109673
16.8783432170264	-6.12263E-4
16.9450560360661	8.58312E-5
17.0117688551057	7.99183E-4
17.0784816741453	0.00115777
17.1451944931849	8.44959E-4
17.2119073122246	4.95913E-5
17.2786201312642	-5.30247E-4
17.3453329503038	-3.43325E-4
17.4120457693435	6.58039E-4
17.4787585883831	0.0016861
17.5454714074227	0.00190354
17.6121842264624	8.90736E-4
17.678897045502	-7.13352E-4
17.7456098645416	-0.00196268
17.8123226835812	-0.00214769
17.8790355026209	-0.00132943
17.9457483216605	-2.93734E-4
18.0124611407001	4.67302E-4
18.0791739597398	7.80109E-4
18.1458867787794	9.2316E-4
18.212599597819	9.63215E-4
18.2793124168586	7.26704E-4
18.3460252358983	3.81472E-5
18.4127380549379	-0.00113488
18.4794508739775	-0.00225832
18.5461636930172	-0.0026188
18.6128765120568	-0.00172425
18.6795893310964	9.15532E-5
18.746302150136	0.0019188
18.8130149691757	0.00259019
18.8797277882153	0.00173569
18.9464406072549	9.72752E-5
19.0131534262946	-8.0872E-4
19.0798662453342	-6.10355E-4
19.1465790643738	3.49047E-4
19.2132918834134	9.63215E-4
19.2800047024531	5.39783E-4
19.3467175214927	-6.21799E-4
19.4134303405323	-0.00155831
19.480143159572	-0.00153352
19.5468559786116	-6.12263E-4
19.6135687976512	4.90192E-4
19.6802816166908	9.61307E-4
19.7469944357305	7.85831E-4
19.8137072547701	3.45232E-4
19.8804200738097	1.58311E-4
19.9471328928494	3.29973E-4
20.013845711889	5.83652E-4
20.0805585309286	4.94007E-4
20.1472713499682	-9.53679E-5
20.2139841690079	-9.44141E-4
20.2806969880475	-0.00161172
20.3474098070871	-0.00152207
20.4141226261268	-7.91553E-4
20.4808354451664	1.98365E-4
20.547548264206	9.55585E-4
20.6142610832457	0.0011139
20.6809739022853	8.71662E-4
20.7476867213249	5.95096E-4
20.8143995403645	3.92916E-4
20.8811123594042	1.58311E-4
20.9478251784438	-6.8665E-5
21.0145379974834	-2.78475E-4
21.0812508165231	-2.51772E-4
21.1479636355627	-8.58312E-5
21.2146764546023	4.00546E-5
21.2813892736419	-8.01091E-5
21.3481020926816	-3.3951E-4
21.4148149117212	-4.13897E-4
21.4815277307608	-1.62126E-4
21.5482405498005	3.6812E-4
21.6149533688401	9.93736E-4
21.6816661878797	0.00124932
21.7483790069193	9.97551E-4
21.815091825959	2.70845E-4
21.8818046449986	-6.75205E-4
21.9485174640382	-0.00140954
22.0152302830779	-0.00170518
22.0819431021175	-0.00154496
22.1486559211571	-0.00104142
22.2153687401967	-3.29973E-4
22.2820815592364	5.47413E-4
22.348794378276	0.00110245
22.4155071973156	0.0010109
22.4822200163553	2.3079E-4
22.5489328353949	-8.67847E-4
22.6156456544345	-0.00159837
22.6823584734742	-0.00160409
22.7490712925138	-0.00110818
22.8157841115534	-4.59673E-4
22.882496930593	-8.20165E-5
22.9492097496327	-8.58312E-5
23.0159225686723	-2.65123E-4
23.0826353877119	-1.0109E-4
23.1493482067516	7.3624E-4
23.2160610257912	0.00206377
23.2827738448308	0.00331308
23.3494866638704	0.00395778
23.4161994829101	0.00395587
23.4829123019497	0.00353815
23.5496251209893	0.00289728
23.616337940029	0.00211145
23.6830507590686	9.63215E-4
23.7497635781082	-4.55858E-4
23.8164763971478	-0.00192643
23.8831892161875	-0.00308229
23.9499020352271	-0.00377847
24.0166148542667	-0.00395587
24.0833276733064	-0.00357629
24.150040492346	-0.0025921
24.2167533113856	-0.00120354
24.2834661304252	3.98638E-4
24.3501789494649	0.00163651
24.4168917685045	0.00209428
24.4836045875441	0.00188447
24.5503174065838	0.00112725
24.6170302256234	2.57494E-4
24.683743044663	-4.97822E-4
24.7504558637027	-9.11716E-4
24.8171686827423	-9.84199E-4
24.8838815017819	-8.27793E-4
24.9505943208215	-4.90192E-4
25.0173071398612	9.5368E-6
25.0840199589008	3.50954E-4
25.1507327779404	3.6812E-4
25.2174455969801	4.76839E-5
25.2841584160197	-2.00273E-4
25.3508712350593	-2.11717E-4
25.4175840540989	4.76839E-5
25.4842968731386	1.86921E-4
25.5510096921782	-9.34605E-5
25.6177225112178	-5.95096E-4
25.6844353302575	-6.84742E-4
25.7511481492971	-9.34605E-5
25.8178609683367	7.22889E-4
25.8845737873763	0.00115205
25.951286606416	6.73298E-4
26.0179994254556	-3.35695E-4
26.0847122444952	-0.00118638
26.1514250635349	-0.00133897
26.2181378825745	-7.11445E-4
26.2848507016141	2.15531E-4
26.3515635206538	9.11716E-4
26.4182763396934	0.00112153
26.484989158733	9.09809E-4
26.5517019777726	4.88285E-4
26.6184147968123	1.50681E-4
26.6851276158519	6.8665E-5
26.7518404348915	1.6594E-4
26.8185532539312	2.93734E-4
26.8852660729708	1.43052E-4
26.9519788920104	-2.59401E-4
27.01869171105	-6.52317E-4
27.0854045300897	-7.93461E-4
27.1521173491293	-7.45777E-4
27.2188301681689	-6.59946E-4
27.2855429872086	-5.8556E-4
27.3522558062482	-3.54769E-4
27.4189686252878	1.56404E-4
27.4856814443274	8.35422E-4
27.5523942633671	0.00125123
27.6191070824067	9.0218E-4
27.6858199014463	-1.23979E-4
27.752532720486	-0.00135422
27.8192455395256	-0.00196268
27.8859583585652	-0.00143624
27.9526711776048	-1.27793E-4
28.0193839966445	0.00125695
28.0860968156841	0.00185967
28.1528096347237	0.00154687
28.2195224537634	6.00819E-4
28.286235272803	-2.4605E-4
28.3529480918426	-5.66486E-4
28.4196609108823	-3.43325E-4
28.4863737299219	5.3406E-5
28.5530865489615	1.67848E-4
28.6197993680011	-3.05178E-5
28.6865121870408	-4.06267E-4
28.7532250060804	-6.35151E-4
28.81993782512	-4.84468E-4
28.8866506441597	-1.58311E-4
28.9533634631993	1.43052E-4
29.0200762822389	1.56404E-4
29.0867891012785	7.62945E-6
29.1535019203182	2.47956E-5
29.2202147393578	3.92916E-4
29.2869275583974	9.00272E-4
29.3536403774371	0.00107384
29.4203531964767	7.00001E-4
29.4870660155163	-1.04905E-4
29.5537788345559	-8.16349E-4
29.6204916535956	-0.00103951
29.6872044726352	-6.86649E-4
29.7539172916748	-8.39238E-5
29.8206301107145	3.54769E-4
29.8873429297541	5.13081E-4
29.9540557487937	5.01636E-4
30.0207685678333	4.00545E-4
30.087481386873	2.86104E-4
30.1541942059126	1.96458E-4
30.2209070249522	1.02997E-4
30.2876198439919	9.15532E-5
30.3543326630315	7.62944E-5
30.4210454820711	-1.71662E-4
30.4877583011107	-6.59946E-4
30.5544711201504	-0.0011406
30.62118393919	-0.00119019
30.6878967582296	-6.7902E-4
30.7546095772693	1.31608E-4
30.8213223963089	8.64033E-4
30.8880352153485	0.00104142
30.9547480343882	7.15259E-4
31.0214608534278	1.85014E-4
31.0881736724674	-2.25068E-4
31.154886491507	-3.71935E-4
31.2215993105467	-4.13897E-4
31.2883121295863	-5.68394E-4
31.3550249486259	-7.64851E-4
31.4217377676656	-8.0109E-4
31.4884505867052	-4.80654E-4
31.5551634057448	-1.33515E-5
31.6218762247844	4.52043E-4
31.6885890438241	5.8556E-4
31.7553018628637	5.01636E-4
31.8220146819033	3.47139E-4
31.888727500943	2.53679E-4
31.9554403199826	1.98365E-4
32.0221531390222	8.96459E-5
32.0888659580618	-1.20163E-4
32.1555787771015	-3.3951E-4
32.2222915961411	-5.4932E-4
32.2890044151807	-6.59946E-4
32.3557172342204	-6.65668E-4
32.42243005326	-5.16895E-4
32.4891428722996	-1.39237E-4
32.5558556913392	2.09809E-4
32.6225685103789	2.23161E-4
32.6892813294185	-1.10627E-4
32.7559941484581	-6.1417E-4
32.8227069674978	-7.40055E-4
32.8894197865374	-2.82289E-4
32.956132605577	5.51227E-4
33.0228454246167	0.00112534
33.0895582436563	9.95643E-4
33.1562710626959	2.59401E-4
33.2229838817355	-4.71117E-4
33.2896967007752	-5.8556E-4
33.3564095198148	2.0981E-5
33.4231223388544	7.57221E-4
33.4898351578941	9.82292E-4
33.5565479769337	5.91282E-4
33.6232607959733	1.90736E-6
33.6899736150129	-2.11717E-4
33.7566864340526	7.62945E-6
33.8233992530922	3.05178E-4
33.8901120721318	3.14714E-4
33.9568248911715	-1.04905E-4
34.0235377102111	-5.7793E-4
34.0902505292507	-7.03815E-4
34.1569633482903	-4.10082E-4
34.22367616733	7.82018E-5
34.2903889863696	4.31063E-4
34.3571018054092	5.07358E-4
34.4238146244489	3.49047E-4
34.4905274434885	1.14441E-4
34.5572402625281	-1.22071E-4
34.6239530815677	-2.72753E-4
34.6906659006074	-2.57494E-4
34.757378719647	-6.48503E-5
34.8240915386866	1.9455E-4
34.8908043577263	3.24251E-4
34.9575171767659	2.0218E-4
35.0242299958055	-4.38693E-5
35.0909428148451	-1.06812E-4
35.1576556338848	8.39238E-5
35.2243684529244	5.18803E-4
35.291081271964	7.64851E-4
35.3577940910037	5.35969E-4
35.4245069100433	-1.56404E-4
35.4912197290829	-8.31608E-4
35.5579325481226	-0.0011406
35.6246453671622	-8.25886E-4
35.6913581862018	-9.34605E-5
35.7580710052414	6.92371E-4
35.8247838242811	9.93736E-4
35.8914966433207	7.26704E-4
35.9582094623603	7.05724E-5
36.0249222814	-4.78746E-4
36.0916351004396	-6.12263E-4
36.1583479194792	-2.65123E-4
36.2250607385188	2.40327E-4
36.2917735575585	4.23433E-4
36.3584863765981	1.29701E-4
36.4251991956377	-3.94823E-4
36.4919120146774	-6.75205E-4
36.558624833717	-5.53135E-4
36.6253376527566	-1.33515E-4
36.6920504717963	3.109E-4
36.7587632908359	4.38692E-4
36.8254761098755	2.72753E-4
36.8921889289151	-9.5368E-6
36.9589017479548	-2.40327E-4
37.0256145669944	-2.4605E-4
37.092327386034	-4.00546E-5
37.1590402050737	2.13624E-4
37.2257530241133	3.66213E-4
37.2924658431529	2.7466E-4
37.3591786621925	9.15532E-5
37.4258914812322	-1.14442E-5
37.4926043002718	1.71663E-5
37.5593171193114	9.72752E-5
37.6260299383511	8.58312E-5
37.6927427573907	-1.02997E-4
37.7594555764303	-3.58583E-4
37.8261683954699	-4.57766E-4
37.8928812145096	-3.66213E-4
37.9595940335492	-1.20163E-4
38.0263068525888	7.05724E-5
38.0930196716285	4.57766E-5
38.1597324906681	-6.67577E-5
38.2264453097077	-1.62126E-4
38.2931581287473	-1.43052E-4
38.359870947787	2.86103E-5
38.4265837668266	1.6594E-4
38.4932965858662	2.17439E-4
38.5600094049059	1.10627E-4
38.6267222239455	4.19619E-5
38.6934350429851	1.69755E-4
38.7601478620247	3.52861E-4
38.8268606810644	5.24525E-4
38.893573500104	4.53951E-4
38.9602863191436	1.46867E-4
39.0269991381833	-1.86921E-4
39.0937119572229	-3.9673E-4
39.1604247762625	-3.85286E-4
39.2271375953021	-1.7357E-4
39.2938504143418	5.72207E-5
39.3605632333814	2.4605E-4
39.427276052421	2.55587E-4
39.4939888714607	8.77385E-5
39.5607016905003	-1.86921E-4
39.6274145095399	-5.26432E-4
39.6941273285796	-7.11445E-4
39.7608401476192	-6.12263E-4
39.8275529666588	-2.97548E-4
39.8942657856984	1.39237E-4
39.9609786047381	4.11989E-4
40.0276914237777	4.82561E-4
40.0944042428173	3.87194E-4
40.161117061857	2.63216E-4
40.2278298808966	1.02997E-4
40.2945426999362	-2.47956E-5
40.3612555189758	-1.18256E-4
40.4279683380155	-1.06812E-4
40.4946811570551	-8.39238E-5
40.5613939760947	-5.72207E-5
40.6281067951344	-9.34605E-5
40.694819614174	-1.50681E-4
40.7615324332136	-1.79292E-4
40.8282452522532	-1.10627E-4
40.8949580712929	-2.6703E-5
40.9616708903325	8.39238E-5
41.0283837093721	1.96458E-4
41.0950965284118	2.59401E-4
41.1618093474514	2.72753E-4
41.228522166491	1.92643E-4
41.2952349855306	6.8665E-5
41.3619478045703	-4.95913E-5
41.4286606236099	-9.34605E-5
41.4953734426495	-7.62944E-5
41.5620862616892	-1.79292E-4
41.6287990807288	-3.18529E-4
41.6955118997684	-3.98638E-4
41.762224718808	-3.43325E-4
41.8289375378477	-1.56404E-4
41.8956503568873	3.62399E-5
41.9623631759269	1.60218E-4
42.0290759949666	2.34605E-4
42.0957888140062	3.62398E-4
42.1625016330458	4.95914E-4
42.2292144520855	4.74932E-4
42.2959272711251	2.61309E-4
42.3626400901647	-8.01091E-5
42.4293529092043	-3.70027E-4
42.496065728244	-3.7575E-4
42.5627785472836	-1.06812E-4
42.6294913663232	2.23161E-4
42.6962041853629	3.41417E-4
42.7629170044025	1.39237E-4
42.8296298234421	-1.50681E-4
42.8963426424817	-2.53679E-4
42.9630554615214	1.0109E-4
43.029768280561	6.16077E-4
43.0964810996006	9.34605E-4
43.1631939186403	6.94279E-4
43.2299067376799	-9.53679E-5
43.2966195567195	-0.00104333
43.3633323757591	-0.00156213
43.4300451947988	-0.00134278
43.4967580138384	-6.4278E-4
43.563470832878	8.01091E-5
43.6301836519177	4.44414E-4
43.6968964709573	4.36785E-4
43.7636092899969	2.89919E-4
43.8303221090366	1.85014E-4
43.8970349280762	1.12534E-4
43.9637477471158	-1.33515E-5
44.0304605661554	-1.71662E-4
44.0971733851951	-2.3842E-4
44.1638862042347	-1.33515E-4
44.2305990232743	7.82018E-5
44.297311842314	2.99456E-4
44.3640246613536	3.83379E-4
44.4307374803932	3.89101E-4
44.4974502994328	3.94823E-4
44.5641631184725	4.48229E-4
44.6308759375121	6.23707E-4
44.6975887565517	8.48774E-4
44.7643015755914	0.00106431
44.831014394631	0.00102044
44.8977272136706	5.58857E-4
44.9644400327102	-2.0218E-4
45.0311528517499	-9.05994E-4
45.0978656707895	-0.00129319
45.1645784898291	-0.0011654
45.2312913088688	-8.71662E-4
45.2980041279084	-6.16077E-4
45.364716946948	-5.32154E-4
45.4314297659876	-4.00545E-4
45.4981425850273	-9.91826E-5
45.5648554040669	3.3951E-4
45.6315682231065	6.92371E-4
45.6982810421462	7.91553E-4
45.7649938611858	5.93189E-4
45.8317066802254	2.17439E-4
45.898419499265	-1.75477E-4
45.9651323183047	-4.27248E-4
46.0318451373443	-4.80654E-4
46.0985579563839	-4.73024E-4
46.1652707754236	-4.34877E-4
46.2319835944632	-3.31881E-4
46.2986964135028	-1.71663E-5
46.3654092325424	4.48229E-4
46.4321220515821	7.78202E-4
46.4988348706217	7.83924E-4
46.5655476896613	4.29155E-4
46.632260508701	-5.3406E-5
46.6989733277406	-4.08174E-4
46.7656861467802	-5.58857E-4
46.8323989658199	-5.28339E-4
46.8991117848595	-4.73024E-4
46.9658246038991	-4.02452E-4
47.0325374229387	-2.36512E-4
47.0992502419784	5.53133E-5
47.165963061018	3.29973E-4
47.2326758800576	5.39783E-4
47.2993886990973	5.47413E-4
47.3661015181369	3.54769E-4
47.4328143371765	9.15532E-5
47.4995271562161	-1.96458E-4
47.5662399752558	-3.9673E-4
47.6329527942954	-4.10082E-4
47.699665613335	-3.70027E-4
47.7663784323747	-2.47957E-4
47.8330912514143	-7.43871E-5
47.8998040704539	2.28883E-4
47.9665168894935	5.28339E-4
48.0332297085332	7.19074E-4
48.0999425275728	7.0763E-4
48.1666553466124	4.21526E-4
48.2333681656521	9.15532E-5
48.3000809846917	-2.11717E-4
48.3667938037313	-4.08174E-4
48.433506622771	-5.01636E-4
48.5002194418106	-4.65395E-4
48.5669322608502	-3.70027E-4
48.6336450798898	-3.24251E-4
48.7003578989295	-3.41417E-4
48.7670707179691	-3.70027E-4
48.8337835370087	-2.32697E-4
48.9004963560484	3.81472E-5
48.967209175088	3.26158E-4
49.0339219941276	4.71117E-4
49.1006348131672	3.43325E-4
49.1673476322069	1.18256E-4
49.2340604512465	-1.04905E-4
49.3007732702861	-1.67848E-4
49.3674860893258	-6.67577E-5
49.4341989083654	6.48503E-5
49.500911727405	1.23979E-4
49.5676245464446	9.15532E-5
49.6343373654843	-1.52589E-5
49.7010501845239	-8.96459E-5
49.7677630035635	1.33515E-5
49.8344758226032	1.43052E-4
49.9011886416428	1.81199E-4
49.9679014606824	3.24252E-5
50.034614279722	-1.52589E-4
50.1013270987617	-2.53679E-4
50.1680399178013	-1.22071E-4
50.2347527368409	1.52589E-5
50.3014655558806	2.28883E-5
50.3681783749202	-9.91826E-5
50.4348911939598	-2.65123E-4
50.5016040129995	-2.65123E-4
50.5683168320391	-5.9128E-5
50.6350296510787	2.72753E-4
50.7017424701183	4.6921E-4
50.768455289158	3.6812E-4
50.8351681081976	6.10356E-5
50.9018809272372	-2.93734E-4
50.9685937462769	-4.71117E-4
51.0353065653165	-4.06267E-4
51.1020193843561	-1.56404E-4
51.1687322033957	7.82018E-5
51.2354450224354	2.17439E-4
51.302157841475	1.48774E-4
51.3688706605146	6.2943E-5
51.4355834795543	6.48503E-5
51.5022962985939	1.50681E-4
51.5690091176335	1.35423E-4
51.6357219366731	-3.81472E-5
51.7024347557128	-2.95641E-4
51.7691475747524	-5.26432E-4
51.835860393792	-4.76839E-4
51.9025732128317	-1.75477E-4
51.9692860318713	2.09809E-4
52.0359988509109	3.77657E-4
52.1027116699506	2.67031E-4
52.1694244889902	0
52.2361373080298	-1.98365E-4
52.3028501270694	-1.77384E-4
52.3695629461091	-2.6703E-5
52.4362757651487	2.47956E-5
52.5029885841883	-1.10627E-4
52.569701403228	-3.81472E-4
52.6364142222676	-5.95096E-4
52.7031270413072	-5.98911E-4
52.7698398603468	-3.87194E-4
52.8365526793865	-7.62944E-5
52.9032654984261	2.49865E-4
52.9699783174657	3.70027E-4
53.0366911365054	2.89919E-4
53.103403955545	9.91826E-5
53.1701167745846	-2.28883E-5
53.2368295936242	-1.22071E-4
53.3035424126639	-2.0218E-4
53.3702552317035	-2.23161E-4
53.4369680507431	-2.51772E-4
53.5036808697828	-2.13624E-4
53.5703936888224	-1.04905E-4
53.637106507862	-3.62399E-5
53.7038193269016	5.14986E-5
53.7705321459413	1.52589E-5
53.8372449649809	-2.47956E-5
53.9039577840205	-1.33515E-5
53.9706706030602	1.33515E-5
54.0373834220998	1.90736E-5
54.1040962411394	-7.24797E-5
54.170809060179	-1.58311E-4
54.2375218792187	-1.71662E-4
54.3042346982583	-6.10356E-5
54.3709475172979	1.81199E-4
54.4376603363376	4.11989E-4
54.5043731553772	5.83652E-4
54.5710859744168	5.72208E-4
54.6377987934565	4.08174E-4
54.7045116124961	2.4605E-4
54.7712244315357	1.67848E-4
54.8379372505753	2.15531E-4
54.904650069615	3.49047E-4
54.9713628886546	3.45232E-4
55.0380757076942	2.47957E-4
55.1047885267339	4.95913E-5
55.1715013457735	-1.20163E-4
55.2382141648131	-1.20163E-4
55.3049269838527	-2.6703E-5
55.3716398028924	1.16349E-4
55.438352621932	2.65123E-4
55.5050654409716	3.41417E-4
55.5717782600113	4.3297E-4
55.6384910790509	4.6158E-4
55.7052038980905	3.49047E-4
55.7719167171301	1.02997E-4
55.8386295361698	-1.48774E-4
55.9053423552094	-3.35695E-4
55.972055174249	-3.16622E-4
56.0387679932887	-1.96458E-4
56.1054808123283	9.5368E-6
56.1721936313679	1.7357E-4
56.2389064504075	3.05178E-4
56.3056192694472	3.92916E-4
56.3723320884868	4.06267E-4
56.4390449075264	3.58583E-4
56.5057577265661	2.40327E-4
56.5724705456057	1.22071E-4
56.6391833646453	-1.18256E-4
56.705896183685	-3.18529E-4
56.7726090027246	-4.55858E-4
56.8393218217642	-4.59673E-4
56.9060346408038	-2.57494E-4
56.9727474598435	3.81472E-5
57.0394602788831	2.0218E-4
57.1061730979227	2.25068E-4
57.1728859169624	1.64033E-4
57.239598736002	6.48503E-5
57.3063115550416	6.8665E-5
57.3730243740812	9.72752E-5
57.4397371931209	1.83106E-4
57.5064500121605	1.77384E-4
57.5731628312001	0
57.6398756502398	-3.41417E-4
57.7065884692794	-6.54224E-4
57.773301288319	-7.30518E-4
57.8400141073586	-5.14988E-4
57.9067269263983	-1.25886E-4
57.9734397454379	1.44959E-4
58.0401525644775	1.92643E-4
58.1068653835172	1.06812E-4
58.1735782025568	6.2943E-5
58.2402910215964	1.41145E-4
58.307003840636	1.6594E-4
58.3737166596757	1.04905E-4
58.4404294787153	-2.86103E-5
58.5071422977549	-7.43871E-5
58.5738551167946	1.14442E-5
58.6405679358342	1.98365E-4
58.7072807548738	2.72753E-4
58.7739935739135	1.58311E-4
58.8407063929531	-9.34605E-5
58.9074192119927	-2.99456E-4
58.9741320310323	-3.71935E-4
59.040844850072	-2.25068E-4
59.1075576691116	3.24252E-5
59.1742704881512	2.80382E-4
59.2409833071909	3.91008E-4
59.3076961262305	2.67031E-4
59.3744089452701	2.6703E-5
59.4411217643097	-2.34605E-4
59.5078345833494	-4.53951E-4
59.574547402389	-5.35969E-4
59.6412602214286	-3.77657E-4
59.7079730404683	-5.3406E-5
59.7746858595079	2.65123E-4
59.8413986785475	4.10082E-4
59.9081114975871	3.16622E-4
59.9748243166268	1.02997E-4
60.0415371356664	-8.39238E-5
60.108249954706	-1.0109E-4
60.1749627737457	4.76839E-5
60.2416755927853	2.36512E-4
60.3083884118249	2.89919E-4
60.3751012308645	1.75477E-4
60.4418140499042	-2.86103E-5
60.5085268689438	-2.09809E-4
60.5752396879834	-2.91826E-4
60.6419525070231	-3.26158E-4
60.7086653260627	-2.21253E-4
60.7753781451023	-9.5368E-6
60.8420909641419	1.54496E-4
60.9088037831816	3.37603E-4
60.9755166022212	2.61309E-4
61.0422294212608	0
61.1089422403005	-2.59401E-4
61.1756550593401	-3.0327E-4
61.2423678783797	-1.20163E-4
61.3090806974194	1.10627E-4
61.375793516459	1.31608E-4
61.4425063354986	-1.90736E-5
61.5092191545382	-2.53679E-4
61.5759319735779	-3.33788E-4
61.6426447926175	-2.3842E-4
61.7093576116571	-9.72752E-5
61.7760704306968	1.71663E-5
61.8427832497364	3.05178E-5
61.909496068776	3.62399E-5
61.9762088878156	6.2943E-5
62.0429217068553	1.14441E-4
62.1096345258949	8.20165E-5
62.1763473449345	-2.86103E-5
62.2430601639742	-1.23979E-4
62.3097729830138	-1.71662E-4
62.3764858020534	-8.58312E-5
62.443198621093	7.62944E-5
62.5099114401327	1.69755E-4
62.5766242591723	2.19346E-4
62.6433370782119	2.21253E-4
62.7100498972516	2.19346E-4
62.7767627162912	2.09809E-4
62.8434755353308	1.18256E-4
62.9101883543704	-4.00546E-5
62.9769011734101	-2.21253E-4
63.0436139924497	-3.89101E-4
63.1103268114893	-4.21526E-4
63.177039630529	-3.12807E-4
63.2437524495686	-2.0218E-4
63.3104652686082	-1.27793E-4
63.3771780876478	-5.53133E-5
63.4438909066875	3.24252E-5
63.5106037257271	1.44959E-4
63.5773165447667	2.76567E-4
63.6440293638064	2.86104E-4
63.710742182846	2.49865E-4
63.7774550018856	7.24797E-5
63.8441678209253	-5.14986E-5
63.9108806399649	-1.88828E-4
63.9775934590045	-2.53679E-4
64.0443062780441	-3.05178E-4
64.1110190970838	-1.88828E-4
64.1777319161234	-3.62399E-5
64.244444735163	1.96458E-4
64.3111575542027	3.16622E-4
64.3778703732423	2.89919E-4
64.4445831922819	2.09809E-4
64.5112960113215	6.48503E-5
64.5780088303612	-4.00546E-5
64.6447216494008	-1.3733E-4
64.7114344684404	-2.0218E-4
64.7781472874801	-3.24251E-4
64.8448601065197	-4.10082E-4
64.9115729255593	-3.66213E-4
64.9782857445989	-2.21253E-4
65.0449985636386	2.86103E-5
65.1117113826782	1.9455E-4
65.1784242017178	2.44142E-4
65.2451370207575	2.09809E-4
65.3118498397971	1.81199E-4
65.3785626588367	1.69755E-4
65.4452754778764	2.36512E-4
65.511988296916	2.59401E-4
65.5787011159556	1.83106E-4
65.6454139349952	4.00546E-5
65.7121267540349	-6.67577E-5
65.7788395730745	-1.25886E-4
65.8455523921141	-5.9128E-5
65.9122652111538	3.81473E-6
65.9789780301934	4.00546E-5
66.045690849233	1.27793E-4
66.1124036682726	2.59401E-4
66.1791164873123	3.71935E-4
66.2458293063519	3.66213E-4
66.3125421253915	2.07902E-4
66.3792549444312	-6.10356E-5
66.4459677634708	-2.76567E-4
66.5126805825104	-3.62398E-4
66.57939340155	-2.89919E-4
66.6461062205897	-1.50681E-4
66.7128190396293	-9.72752E-5
66.7795318586689	-6.10356E-5
66.8462446777086	-2.6703E-5
66.9129574967482	0
66.9796703157878	3.81472E-5
67.0463831348274	8.39238E-5
67.1130959538671	7.24797E-5
67.1798087729067	1.14442E-5
67.2465215919463	-8.77385E-5
67.313234410986	-2.19346E-4
67.3799472300256	-2.49865E-4
67.4466600490652	-1.85014E-4
67.5133728681048	-5.72208E-6
67.5800856871445	1.25886E-4
67.6467985061841	2.09809E-4
67.7135113252237	1.96458E-4
67.7802241442634	1.08719E-4
67.846936963303	9.34605E-5
67.9136497823426	1.41145E-4
67.9803626013822	2.13624E-4
68.0470754204219	2.49865E-4
68.1137882394615	1.6594E-4
68.1805010585011	-3.81472E-5
68.2472138775408	-2.28883E-4
68.3139266965804	-2.65123E-4
68.38063951562	-1.31608E-4
68.4473523346597	6.2943E-5
68.5140651536993	1.90736E-4
68.5807779727389	1.44959E-4
68.6474907917785	5.9128E-5
68.7142036108182	-1.14442E-5
68.7809164298578	-1.90736E-5
68.8476292488974	-6.10356E-5
68.9143420679371	-1.25886E-4
68.9810548869767	-1.71662E-4
69.0477677060163	-1.20163E-4
69.114480525056	0
69.1811933440956	1.90736E-4
69.2479061631352	2.93734E-4
69.3146189821748	2.51772E-4
69.3813318012145	1.23979E-4
69.4480446202541	-2.0981E-5
69.5147574392937	-6.2943E-5
69.5814702583334	-2.6703E-5
69.648183077373	-1.14442E-5
69.7148958964126	-6.48503E-5
69.7816087154522	-1.58311E-4
69.8483215344919	-2.47957E-4
69.9150343535315	-2.32697E-4
69.9817471725711	-1.86921E-4
70.0484599916108	-1.60218E-4
70.1151728106504	-1.52589E-4
70.18188562969	-1.41145E-4
70.2485984487296	-1.08719E-4
70.3153112677693	-3.43325E-5
70.3820240868089	7.82018E-5
70.4487369058485	1.04905E-4
70.5154497248881	8.96459E-5
70.5821625439278	2.0981E-5
70.6488753629674	-3.81472E-5
70.715588182007	-5.72207E-5
70.7823010010467	-8.01091E-5
70.8490138200863	-4.76839E-5
70.9157266391259	-1.71663E-5
70.9824394581655	1.90736E-6
71.0491522772052	6.48503E-5
71.1158650962448	1.90736E-5
71.1825779152844	2.0981E-5
71.2492907343241	-3.24252E-5
71.3160035533637	-6.8665E-5
71.3827163724033	-7.62944E-5
71.449429191443	-5.72207E-5
71.5161420104826	-2.47956E-5
71.5828548295222	-1.90736E-5
71.6495676485618	-9.5368E-6
71.7162804676015	-3.43325E-5
71.7829932866411	-4.38693E-5
71.8497061056807	-2.6703E-5
71.9164189247204	3.05178E-5
71.98313174376	1.39237E-4
72.0498445627996	2.32697E-4
72.1165573818392	2.4605E-4
72.1832702008789	1.06812E-4
72.2499830199185	-7.24797E-5
72.3166958389581	-1.56404E-4
72.3834086579978	-9.34605E-5
72.4501214770374	1.23979E-4
72.516834296077	3.20436E-4
72.5835471151167	3.07085E-4
72.6502599341563	2.21253E-4
72.7169727531959	8.01091E-5
72.7836855722355	1.71663E-5
72.8503983912752	1.14442E-5
72.9171112103148	-3.24252E-5
72.9838240293544	-9.15532E-5
73.0505368483941	-2.09809E-4
73.1172496674337	-2.88012E-4
73.1839624864733	-2.4605E-4
73.2506753055129	-1.33515E-4
73.3173881245526	3.81473E-6
73.3841009435922	4.00546E-5
73.4508137626318	-1.90736E-6
73.5175265816714	-6.10356E-5
73.5842394007111	-9.91826E-5
73.6509522197507	-3.62399E-5
73.7176650387903	7.24797E-5
73.78437785783	9.72752E-5
73.8510906768696	4.95913E-5
73.9178034959092	-1.10627E-4
73.9845163149488	-2.70845E-4
74.0512291339885	-3.14714E-4
74.1179419530281	-1.88828E-4
74.1846547720677	5.9128E-5
74.2513675911074	2.13624E-4
74.318080410147	3.14714E-4
74.3847932291866	3.01363E-4
74.4515060482263	2.23161E-4
74.5182188672659	1.23979E-4
74.5849316863055	9.15532E-5
74.6516445053451	5.53133E-5
74.7183573243848	-1.14442E-5
74.7850701434244	-1.04905E-4
74.851782962464	-1.90736E-4
74.9184957815037	-2.17439E-4
74.9852086005433	-2.11717E-4
75.0519214195829	-2.00273E-4
75.1186342386225	-2.57494E-4
75.1853470576622	-3.05178E-4
75.2520598767018	-2.51772E-4
75.3187726957414	-1.52589E-4
75.3854855147811	0
75.4521983338207	1.0109E-4
75.5189111528603	1.90736E-4
75.5856239719	1.43052E-4
75.6523367909396	9.34605E-5
75.7190496099792	-3.81473E-6
75.7857624290188	-7.24797E-5
75.8524752480585	-2.6703E-5
75.9191880670981	1.52589E-5
75.9859008861377	2.47956E-5
76.0526137051774	4.00546E-5
76.119326524217	2.47956E-5
76.1860393432566	4.57766E-5
76.2527521622962	5.72207E-5
76.3194649813359	5.14986E-5
76.3861778003755	-1.90736E-6
76.4528906194151	-5.3406E-5
76.5196034384548	-1.33515E-4
76.5863162574944	-1.96458E-4
76.653029076534	-1.98365E-4
76.7197418955736	-2.04087E-4
76.7864547146133	-1.29701E-4
76.8531675336529	-4.95913E-5
76.9198803526925	-1.14442E-5
76.9865931717322	1.33515E-5
77.0533059907718	-2.6703E-5
77.1200188098114	-8.20165E-5
77.186731628851	-1.0109E-4
77.2534444478907	-5.72207E-5
77.3201572669303	7.62945E-6
77.3868700859699	7.43871E-5
77.4535829050096	8.96459E-5
77.5202957240492	5.3406E-5
77.5870085430888	-1.33515E-5
77.6537213621285	-3.81472E-5
77.7204341811681	-1.90736E-5
77.7871470002077	5.9128E-5
77.8538598192473	1.06812E-4
77.920572638287	1.29701E-4
77.9872854573266	1.6594E-4
78.0539982763662	1.77384E-4
78.1207110954059	1.31608E-4
78.1874239144455	5.14986E-5
78.2541367334851	-6.10356E-5
78.3208495525247	-1.14441E-4
78.3875623715644	-1.27793E-4
78.454275190604	-8.96459E-5
78.5209880096436	-1.33515E-5
78.5877008286833	2.28883E-5
78.6544136477229	-3.81473E-6
78.7211264667625	-1.29701E-4
78.7878392858021	-1.64033E-4
78.8545521048418	-1.83106E-4
78.9212649238814	-1.67848E-4
78.987977742921	-1.12534E-4
79.0546905619607	-1.48774E-4
79.1214033810003	-2.00273E-4
79.1881162000399	-2.59401E-4
79.2548290190796	-2.78475E-4
79.3215418381192	-2.61309E-4
79.3882546571588	-1.60218E-4
79.4549674761984	-7.62944E-5
79.5216802952381	7.62945E-6
79.5883931142777	7.05724E-5
79.6551059333173	1.50681E-4
79.721818752357	1.96458E-4
79.7885315713966	1.31608E-4
79.8552443904362	1.04905E-4
79.9219572094758	5.9128E-5
79.9886700285155	-3.81473E-6
80.0553828475551	-1.90736E-5
80.1220956665947	-6.67577E-5
80.1888084856344	-1.35423E-4
80.255521304674	-1.83106E-4
80.3222341237136	-1.18256E-4
80.3889469427533	-1.33515E-5
80.4556597617929	6.8665E-5
80.5223725808325	1.33515E-4
80.5890853998721	1.46867E-4
80.6557982189118	8.39238E-5
80.7225110379514	9.5368E-6
80.789223856991	-6.67577E-5
80.8559366760307	-1.31608E-4
80.9226494950703	-1.31608E-4
80.9893623141099	-1.06812E-4
81.0560751331495	-8.01091E-5
81.1227879521892	-5.53133E-5
81.1895007712288	3.81473E-6
81.2562135902684	6.48503E-5
81.3229264093081	1.23979E-4
81.3896392283477	1.69755E-4
81.4563520473873	1.96458E-4
81.5230648664269	1.29701E-4
81.5897776854666	2.6703E-5
81.6564905045062	-3.81472E-5
81.7232033235458	-5.3406E-5
81.7899161425854	1.71663E-5
81.8566289616251	7.24797E-5
81.9233417806647	6.67577E-5
81.9900545997043	-4.38693E-5
82.056767418744	-1.75477E-4
82.1234802377836	-2.00273E-4
82.1901930568232	-8.96459E-5
82.2569058758628	8.96459E-5
82.3236186949025	1.83106E-4
82.3903315139421	1.75477E-4
82.4570443329817	1.08719E-4
82.5237571520214	2.86103E-5
82.590469971061	1.33515E-5
82.6571827901006	-7.62945E-6
82.7238956091403	-2.47956E-5
82.7906084281799	-5.14986E-5
82.8573212472195	-8.01091E-5
82.9240340662591	-8.39238E-5
82.9907468852988	-3.05178E-5
83.0574597043384	3.81472E-5
83.124172523378	7.82018E-5
83.1908853424177	7.82018E-5
83.2575981614573	-5.72208E-6
83.3243109804969	-4.00546E-5
83.3910237995366	-3.81472E-5
83.4577366185762	9.34605E-5
83.5244494376158	2.3079E-4
83.5911622566554	2.76567E-4
83.6578750756951	2.05995E-4
83.7245878947347	1.56404E-4
83.7913007137743	5.9128E-5
83.858013532814	4.19619E-5
83.9247263518536	9.72752E-5
83.9914391708932	8.01091E-5
84.0581519899328	7.82018E-5
84.1248648089725	7.24797E-5
84.1915776280121	8.01091E-5
84.2582904470517	9.72752E-5
84.3250032660914	5.72207E-5
84.391716085131	2.47956E-5
84.4584289041706	-5.72207E-5
84.5251417232102	-1.10627E-4
84.5918545422499	-1.31608E-4
84.6585673612895	-7.43871E-5
84.7252801803291	7.82018E-5
84.7919929993687	1.29701E-4
84.8587058184084	1.27793E-4
84.925418637448	7.05724E-5
84.9921314564876	3.81473E-6
85.0588442755273	-6.48503E-5
85.1255570945669	-1.02997E-4
85.1922699136065	-3.05178E-5
85.2589827326461	4.76839E-5
85.3256955516858	1.54496E-4
85.3924083707254	1.54496E-4
85.459121189765	1.12534E-4
85.5258340088047	-1.33515E-5
85.5925468278443	-9.72752E-5
85.6592596468839	-8.39238E-5
85.7259724659236	-9.5368E-6
85.7926852849632	8.58312E-5
85.8593981040028	1.20163E-4
85.9261109230424	1.3733E-4
85.9928237420821	6.67577E-5
86.0595365611217	-1.33515E-5
86.1262493801613	-2.6703E-5
86.192962199201	-1.90736E-5
86.2596750182406	1.14442E-5
86.3263878372802	8.20165E-5
86.3931006563199	9.91826E-5
86.4598134753595	1.10627E-4
86.5265262943991	9.15532E-5
86.5932391134387	6.10356E-5
86.6599519324784	4.19619E-5
86.726664751518	6.48503E-5
86.7933775705576	6.8665E-5
86.8600903895973	9.91826E-5
86.9268032086369	6.48503E-5
86.9935160276765	6.48503E-5
87.0602288467161	1.52589E-5
87.1269416657558	-3.62399E-5
87.1936544847954	-4.76839E-5
87.260367303835	-4.00546E-5
87.3270801228747	-6.10356E-5
87.3937929419143	-8.77385E-5
87.4605057609539	-4.57766E-5
87.5272185799935	0
87.5939313990332	7.24797E-5
87.6606442180728	7.82018E-5
87.7273570371124	1.25886E-4
87.794069856152	1.56404E-4
87.8607826751917	1.27793E-4
87.9274954942313	6.2943E-5
87.9942083132709	-2.28883E-5
88.0609211323106	-1.23979E-4
88.1276339513502	-1.22071E-4
88.1943467703898	-7.82018E-5
88.2610595894295	5.72208E-6
88.3277724084691	8.96459E-5
88.3944852275087	4.00546E-5
88.4611980465483	-3.05178E-5
88.527910865588	-1.29701E-4
88.5946236846276	-5.53133E-5
88.6613365036672	8.01091E-5
88.7280493227069	2.25068E-4
88.7947621417465	2.88012E-4
88.8614749607861	1.81199E-4
88.9281877798257	-2.0981E-5
88.9949005988654	-1.98365E-4
89.061613417905	-1.88828E-4
89.1283262369446	-7.62944E-5
89.1950390559843	3.24252E-5
89.2617518750239	8.39238E-5
89.3284646940635	1.14442E-5
89.3951775131032	-2.28883E-5
89.4618903321428	-4.19619E-5
89.5286031511824	3.62399E-5
89.595315970222	7.05724E-5
89.6620287892617	3.62399E-5
89.7287416083013	-4.19619E-5
89.7954544273409	-1.06812E-4
89.8621672463806	-1.75477E-4
89.9288800654202	-1.67848E-4
89.9955928844598	-1.06812E-4
90.0623057034994	-2.86103E-5
90.1290185225391	-1.33515E-5
90.1957313415787	9.5368E-6
90.2624441606183	0
90.329156979658	5.14986E-5
90.3958697986976	5.9128E-5
90.4625826177372	1.25886E-4
90.5292954367768	1.58311E-4
90.5960082558165	1.54496E-4
90.6627210748561	1.04905E-4
90.7294338938957	3.43325E-5
90.7961467129354	-1.33515E-5
90.862859531975	-6.48503E-5
90.9295723510146	-6.67577E-5
90.9962851700543	-5.14986E-5
91.0629979890939	-4.00546E-5
91.1297108081335	0
91.1964236271731	-1.90736E-5
91.2631364462128	1.33515E-5
91.3298492652524	1.33515E-5
91.396562084292	-7.62945E-6
91.4632749033317	-2.28883E-5
91.5299877223713	-7.05724E-5
91.5967005414109	-4.00546E-5
91.6634133604505	-7.62945E-6
91.7301261794902	4.76839E-5
91.7968389985298	8.58312E-5
91.8635518175694	7.82018E-5
91.9302646366091	6.48503E-5
91.9969774556487	1.14442E-5
92.0636902746883	-1.14442E-5
92.1304030937279	-3.81472E-5
92.1971159127676	-8.39238E-5
92.2638287318072	-1.14441E-4
92.3305415508468	-1.25886E-4
92.3972543698865	-1.06812E-4
92.4639671889261	-1.33515E-5
92.5306800079657	4.95913E-5
92.5973928270054	5.14986E-5
92.664105646045	-7.62945E-6
92.7308184650846	-4.95913E-5
92.7975312841242	-3.43325E-5
92.8642441031639	-1.71663E-5
92.9309569222035	9.5368E-6
92.9976697412431	1.33515E-5
93.0643825602827	-2.0981E-5
93.1310953793224	-2.0981E-5
93.197808198362	0
93.2645210174016	1.90736E-5
93.3312338364413	-7.24797E-5
93.3979466554809	-1.25886E-4
93.4646594745205	-1.50681E-4
93.5313722935602	-9.91826E-5
93.5980851125998	2.0981E-5
93.6647979316394	9.15532E-5
93.731510750679	6.48503E-5
93.7982235697187	-3.81472E-5
93.8649363887583	-1.77384E-4
93.9316492077979	-2.11717E-4
93.9983620268376	-1.69755E-4
94.0650748458772	-4.00546E-5
94.1317876649168	7.05724E-5
94.1985004839564	1.10627E-4
94.2652133029961	1.23979E-4
94.3319261220357	6.48503E-5
94.3986389410753	1.14442E-5
94.465351760115	-6.48503E-5
94.5320645791546	-6.2943E-5
94.5987773981942	-3.62399E-5
94.6654902172339	-1.52589E-5
94.7322030362735	1.33515E-5
94.7989158553131	-1.90736E-5
94.8656286743527	-4.00546E-5
94.9323414933924	-5.53133E-5
94.999054312432	-4.95913E-5
95.0657671314716	-4.38693E-5
95.1324799505113	-2.28883E-5
95.1991927695509	-1.33515E-5
95.2659055885905	-8.01091E-5
95.3326184076301	-9.72752E-5
95.3993312266698	-8.77385E-5
95.4660440457094	0
95.532756864749	3.62399E-5
95.5994696837887	4.57766E-5
95.6661825028283	-2.86103E-5
95.7328953218679	-7.62944E-5
95.7996081409075	-1.06812E-4
95.8663209599472	-5.72208E-6
95.9330337789868	9.15532E-5
95.9997465980264	1.56404E-4
96.0664594170661	1.25886E-4
96.1331722361057	2.47956E-5
96.1998850551453	-8.01091E-5
96.266597874185	-1.64033E-4
96.3333106932246	-1.81199E-4
96.4000235122642	-1.50681E-4
96.4667363313038	-1.04905E-4
96.5334491503435	-8.01091E-5
96.6001619693831	-4.57766E-5
96.6668747884227	-2.47956E-5
96.7335876074624	4.76839E-5
96.800300426502	9.15532E-5
96.8670132455416	1.02997E-4
96.9337260645813	5.9128E-5
97.0004388836209	3.24252E-5
97.0671517026605	2.28883E-5
97.1338645217001	-1.71663E-5
97.2005773407398	-6.10356E-5
97.2672901597794	-1.0109E-4
97.334002978819	-1.22071E-4
97.4007157978587	-1.22071E-4
97.4674286168983	-1.12534E-4
97.5341414359379	-5.72207E-5
97.6008542549775	0
97.6675670740172	3.24252E-5
97.7342798930568	5.72208E-6
97.8009927120964	-9.5368E-6
97.867705531136	-7.05724E-5
97.9344183501757	-1.10627E-4
98.0011311692153	-1.14441E-4
98.0678439882549	-1.48774E-4
98.1345568072946	-1.35423E-4
98.2012696263342	-1.83106E-4
98.2679824453738	-1.79292E-4
98.3346952644135	-1.04905E-4
98.4014080834531	4.95913E-5
98.4681209024927	1.69755E-4
98.5348337215323	2.26975E-4
98.601546540572	1.81199E-4
98.6682593596116	8.58312E-5
98.7349721786512	2.28883E-5
98.8016849976909	4.00546E-5
98.8683978167305	1.0109E-4
98.9351106357701	9.91826E-5
99.0018234548097	0
99.0685362738494	-5.53133E-5
99.135249092889	-1.27793E-4
99.2019619119286	-9.5368E-6
99.2686747309683	6.2943E-5
99.3353875500079	1.16349E-4
99.4021003690475	9.34605E-5
99.4688131880872	-2.6703E-5
99.5355260071268	-8.01091E-5
99.6022388261664	-7.24797E-5
99.668951645206	-4.95913E-5
99.7356644642457	0
99.8023772832853	-1.71663E-5
99.8690901023249	-6.67577E-5
99.9358029213646	-7.62944E-5
100.002515740404	-1.18256E-4
100.069228559444	-4.00546E-5
100.135941378483	-3.24252E-5
100.202654197523	-5.14986E-5
100.269367016563	-6.67577E-5
100.336079835602	-1.16349E-4
100.402792654642	-1.48774E-4
100.469505473682	-1.20163E-4
100.536218292721	-1.22071E-4
100.602931111761	-1.10627E-4
100.6696439308	-8.01091E-5
100.73635674984	-7.24797E-5
100.80306956888	-4.76839E-5
100.869782387919	3.81473E-6
100.936495206959	5.14986E-5
101.003208025999	6.48503E-5
101.069920845038	8.39238E-5
101.136633664078	7.43871E-5
101.203346483117	1.52589E-5
101.270059302157	-1.90736E-5
101.336772121197	-4.00546E-5
101.403484940236	-3.43325E-5
101.470197759276	-4.19619E-5
101.536910578316	-2.6703E-5
101.603623397355	5.72208E-6
101.670336216395	5.14986E-5
101.737049035435	9.53679E-5
101.803761854474	1.08719E-4
101.870474673514	8.39238E-5
101.937187492553	2.86103E-5
102.003900311593	-2.47956E-5
102.070613130633	-3.43325E-5
102.137325949672	5.72208E-6
102.204038768712	9.5368E-6
102.270751587752	-5.72208E-6
102.337464406791	-4.19619E-5
102.404177225831	-9.53679E-5
102.47089004487	-5.53133E-5
102.53760286391	-2.6703E-5
102.60431568295	3.81473E-6
102.671028501989	-5.72208E-6
102.737741321029	-7.43871E-5
102.804454140069	-1.18256E-4
102.871166959108	-1.71662E-4
102.937879778148	-1.25886E-4
103.004592597187	-8.58312E-5
103.071305416227	-1.10627E-4
103.138018235267	-1.44959E-4
103.204731054306	-1.77384E-4
103.271443873346	-1.71662E-4
103.338156692386	-6.67577E-5
103.404869511425	4.57766E-5
103.471582330465	6.10356E-5
103.538295149505	5.9128E-5
103.605007968544	-5.53133E-5
103.671720787584	-7.62944E-5
103.738433606623	-1.52589E-5
103.805146425663	2.47956E-5
103.871859244703	5.9128E-5
103.938572063742	5.14986E-5
104.005284882782	4.95913E-5
104.071997701822	0
104.138710520861	-2.0981E-5
104.205423339901	2.6703E-5
104.27213615894	8.96459E-5
104.33884897798	8.20165E-5
104.40556179702	6.48503E-5
104.472274616059	-3.81473E-6
104.538987435099	-3.24252E-5
104.605700254139	-4.57766E-5
104.672413073178	2.28883E-5
104.739125892218	8.01091E-5
104.805838711257	1.31608E-4
104.872551530297	1.69755E-4
104.939264349337	1.90736E-4
105.005977168376	2.09809E-4
105.072689987416	2.36512E-4
105.139402806456	2.23161E-4
105.206115625495	1.86921E-4
105.272828444535	1.02997E-4
105.339541263575	3.81472E-5
105.406254082614	-3.24252E-5
105.472966901654	-2.47956E-5
105.539679720693	1.90736E-6
105.606392539733	3.62399E-5
105.673105358773	4.00546E-5
105.739818177812	6.2943E-5
105.806530996852	5.72207E-5
105.873243815892	7.62944E-5
105.939956634931	7.24797E-5
106.006669453971	7.43871E-5
106.07338227301	8.20165E-5
106.14009509205	1.04905E-4
106.20680791109	5.9128E-5
106.273520730129	3.62399E-5
106.340233549169	-2.47956E-5
106.406946368209	-1.33515E-5
106.473659187248	1.90736E-5
106.540372006288	7.82018E-5
106.607084825327	1.31608E-4
106.673797644367	1.75477E-4
106.740510463407	1.90736E-4
106.807223282446	1.83106E-4
106.873936101486	1.46867E-4
106.940648920526	1.20163E-4
107.007361739565	7.82018E-5
107.074074558605	3.24252E-5
107.140787377645	-2.28883E-5
107.207500196684	-5.3406E-5
107.274213015724	-4.95913E-5
107.340925834763	-3.43325E-5
107.407638653803	2.6703E-5
107.474351472843	1.0109E-4
107.541064291882	1.10627E-4
107.607777110922	9.15532E-5
107.674489929962	9.72752E-5
107.741202749001	7.62944E-5
107.807915568041	6.48503E-5
107.874628387081	6.8665E-5
107.94134120612	5.9128E-5
108.00805402516	1.90736E-6
108.0747668442	-1.90736E-5
108.141479663239	-5.14986E-5
108.208192482279	-5.9128E-5
108.274905301318	-4.00546E-5
108.341618120358	-2.0981E-5
108.408330939398	9.5368E-6
108.475043758437	5.14986E-5
108.541756577477	8.20165E-5
108.608469396517	7.24797E-5
108.675182215556	7.24797E-5
108.741895034596	2.47956E-5
108.808607853636	5.72208E-6
108.875320672675	-1.52589E-5
108.942033491715	1.14442E-5
109.008746310754	5.14986E-5
109.075459129794	9.15532E-5
109.142171948834	8.96459E-5
109.208884767873	4.19619E-5
109.275597586913	3.24252E-5
109.342310405953	2.28883E-5
109.409023224992	-3.05178E-5
109.475736044032	-2.6703E-5
109.542448863072	-8.39238E-5
109.609161682111	-9.34605E-5
109.675874501151	-1.14441E-4
109.742587320191	-5.3406E-5
109.80930013923	-2.6703E-5
109.87601295827	-1.52589E-5
109.942725777309	-2.6703E-5
110.009438596349	-4.57766E-5
110.076151415389	-4.57766E-5
110.142864234428	-4.95913E-5
110.209577053468	-2.28883E-5
110.276289872508	3.81473E-6
110.343002691547	1.33515E-5
110.409715510587	2.0981E-5
110.476428329627	5.72208E-6
110.543141148666	-3.62399E-5
110.609853967706	-4.00546E-5
110.676566786746	-1.90736E-5
110.743279605785	1.14442E-5
110.809992424825	4.57766E-5
110.876705243864	7.62944E-5
110.943418062904	2.6703E-5
111.010130881944	-1.14442E-5
111.076843700983	-7.62945E-6
111.143556520023	-1.90736E-5
111.210269339063	2.47956E-5
111.276982158102	1.90736E-6
111.343694977142	9.5368E-6
111.410407796182	-3.24252E-5
111.477120615221	-3.05178E-5
111.543833434261	-4.38693E-5
111.6105462533	-4.38693E-5
111.67725907234	-4.76839E-5
111.74397189138	-5.14986E-5
111.810684710419	1.33515E-5
111.877397529459	3.24252E-5
111.944110348499	7.24797E-5
112.010823167538	8.01091E-5
112.077535986578	3.24252E-5
112.144248805618	-2.47956E-5
112.210961624657	-4.19619E-5
112.277674443697	-5.3406E-5
112.344387262737	-3.81473E-6
112.411100081776	0
112.477812900816	-2.6703E-5
112.544525719855	-6.8665E-5
112.611238538895	-6.67577E-5
112.677951357935	-7.24797E-5
112.744664176974	-7.62945E-6
112.811376996014	-3.81473E-6
112.878089815054	-2.47956E-5
112.944802634093	-1.33515E-5
113.011515453133	7.62945E-6
113.078228272173	-9.5368E-6
113.144941091212	-5.72208E-6
113.211653910252	-7.05724E-5
113.278366729291	-1.14441E-4
113.345079548331	-1.64033E-4
113.411792367371	-1.60218E-4
113.47850518641	-1.54496E-4
113.54521800545	-1.20163E-4
113.61193082449	-7.82018E-5
113.678643643529	-5.3406E-5
113.745356462569	-4.38693E-5
113.812069281609	-1.33515E-5
113.878782100648	2.0981E-5
113.945494919688	5.14986E-5
114.012207738728	6.2943E-5
114.078920557767	9.15532E-5
114.145633376807	9.34605E-5
114.212346195846	1.29701E-4
114.279059014886	1.23979E-4
114.345771833926	7.82018E-5
114.412484652965	0
114.479197472005	3.81473E-6
114.545910291045	1.14442E-5
114.612623110084	3.81472E-5
114.679335929124	1.12534E-4
114.746048748164	1.3733E-4
114.812761567203	1.54496E-4
114.879474386243	1.16349E-4
114.946187205283	5.9128E-5
115.012900024322	4.19619E-5
115.079612843362	4.76839E-5
115.146325662401	1.90736E-5
115.213038481441	5.14986E-5
115.279751300481	4.57766E-5
115.34646411952	-1.90736E-6
115.41317693856	-2.6703E-5
115.4798897576	-3.81473E-6
115.546602576639	2.47956E-5
115.613315395679	5.72207E-5
115.680028214719	9.72752E-5
115.746741033758	5.3406E-5
115.813453852798	1.52589E-5
115.880166671837	-5.72208E-6
115.946879490877	-2.6703E-5
116.013592309917	-5.72208E-6
116.080305128956	-2.86103E-5
116.147017947996	5.72208E-6
116.213730767036	-7.62945E-6
116.280443586075	-5.9128E-5
116.347156405115	-7.82018E-5
116.413869224155	-1.08719E-4
116.480582043194	-9.34605E-5
116.547294862234	-6.10356E-5
116.614007681274	-7.62944E-5
116.680720500313	-8.20165E-5
116.747433319353	-1.04905E-4
116.814146138392	-8.39238E-5
116.880858957432	-6.48503E-5
116.947571776472	0
117.014284595511	1.52589E-5
117.080997414551	1.90736E-6
117.147710233591	3.81472E-5
117.21442305263	5.53133E-5
117.28113587167	1.06812E-4
117.34784869071	1.31608E-4
117.414561509749	1.46867E-4
117.481274328789	1.33515E-4
117.547987147829	1.52589E-4
117.614699966868	1.08719E-4
117.681412785908	1.58311E-4
117.748125604947	1.69755E-4
117.814838423987	1.71662E-4
117.881551243027	1.75477E-4
117.948264062066	1.46867E-4
118.014976881106	1.50681E-4
118.081689700146	9.15532E-5
118.148402519185	6.48503E-5
118.215115338225	4.76839E-5
118.281828157265	-9.5368E-6
118.348540976304	-5.9128E-5
118.415253795344	-1.43052E-4
118.481966614383	-1.79292E-4
118.548679433423	-2.04087E-4
118.615392252463	-2.21253E-4
118.682105071502	-1.85014E-4
118.748817890542	-1.39237E-4
118.815530709582	-9.15532E-5
118.882243528621	-8.96459E-5
118.948956347661	-8.20165E-5
119.015669166701	-4.00546E-5
119.08238198574	3.81473E-6
119.14909480478	2.86103E-5
119.21580762382	3.05178E-5
119.282520442859	3.62399E-5
119.349233261899	2.86103E-5
119.415946080938	-1.14442E-5
119.482658899978	3.43325E-5
119.549371719018	4.57766E-5
119.616084538057	9.34605E-5
119.682797357097	1.31608E-4
119.749510176137	1.44959E-4
119.816222995176	1.14441E-4
119.882935814216	7.62944E-5
119.949648633256	1.33515E-5
120.016361452295	-4.95913E-5
120.083074271335	-1.46867E-4
120.149787090375	-2.09809E-4
120.216499909414	-2.67031E-4
120.283212728454	-3.0327E-4
120.349925547493	-3.24251E-4
120.416638366533	-2.78475E-4
120.483351185573	-2.51772E-4
120.550064004612	-1.67848E-4
120.616776823652	-1.46867E-4
120.683489642692	-1.41145E-4
120.750202461731	-2.11717E-4
120.816915280771	-2.0218E-4
120.883628099811	-1.90736E-4
120.95034091885	-1.25886E-4
121.01705373789	-5.14986E-5
121.083766556929	-2.6703E-5
121.150479375969	-5.3406E-5
121.217192195009	-1.22071E-4
121.283905014048	-1.48774E-4
121.350617833088	-1.44959E-4
121.417330652128	-8.39238E-5
121.484043471167	-3.62399E-5
121.550756290207	1.33515E-5
121.617469109247	-2.28883E-5
121.684181928286	-5.3406E-5
121.750894747326	-1.08719E-4
121.817607566366	-4.00546E-5
121.884320385405	-3.24252E-5
121.951033204445	2.86103E-5
122.017746023484	7.82018E-5
122.084458842524	5.72207E-5
122.151171661564	5.72207E-5
122.217884480603	1.14442E-5
122.284597299643	2.47956E-5
122.351310118683	4.95913E-5
122.418022937722	7.43871E-5
122.484735756762	4.19619E-5
122.551448575802	9.5368E-6
122.618161394841	-5.53133E-5
122.684874213881	-8.01091E-5
122.75158703292	-7.05724E-5
122.81829985196	-9.91826E-5
122.885012671	-4.76839E-5
122.951725490039	-8.01091E-5
123.018438309079	-7.43871E-5
123.085151128119	-6.67577E-5
123.151863947158	-6.8665E-5
123.218576766198	-5.3406E-5
123.285289585238	-3.81473E-6
123.352002404277	-5.72208E-6
123.418715223317	0
123.485428042357	-4.76839E-5
123.552140861396	-7.24797E-5
123.618853680436	-8.01091E-5
123.685566499475	-8.01091E-5
123.752279318515	-6.8665E-5
123.818992137555	-5.72207E-5
123.885704956594	-3.81472E-5
123.952417775634	-4.95913E-5
124.019130594674	-2.28883E-5
124.085843413713	1.14442E-5
124.152556232753	2.28883E-5
124.219269051793	9.5368E-6
124.285981870832	-3.62399E-5
124.352694689872	-5.3406E-5
124.419407508912	-1.23979E-4
124.486120327951	-1.12534E-4
124.552833146991	-1.06812E-4
124.61954596603	-5.9128E-5
124.68625878507	-3.81472E-5
124.75297160411	-2.28883E-5
124.819684423149	-5.72208E-6
124.886397242189	2.86103E-5
124.953110061229	4.00546E-5
125.019822880268	4.57766E-5
125.086535699308	7.82018E-5
125.153248518348	5.14986E-5
125.219961337387	5.14986E-5
125.286674156427	3.81472E-5
125.353386975466	1.52589E-5
125.420099794506	-2.47956E-5
125.486812613546	-2.86103E-5
125.553525432585	-2.6703E-5
125.620238251625	-2.0981E-5
125.686951070665	-1.14442E-5
125.753663889704	3.81473E-6
125.820376708744	-2.28883E-5
125.887089527784	9.5368E-6
125.953802346823	2.47956E-5
126.020515165863	1.52589E-5
126.087227984903	-1.52589E-5
126.153940803942	-3.43325E-5
126.220653622982	-4.38693E-5
126.287366442021	-4.19619E-5
126.354079261061	-3.05178E-5
126.420792080101	-1.14442E-5
126.48750489914	-3.24252E-5
126.55421771818	-4.57766E-5
126.62093053722	-8.58312E-5
126.687643356259	-8.01091E-5
126.754356175299	-5.9128E-5
126.821068994339	-3.81472E-5
126.887781813378	-1.90736E-6
126.954494632418	-2.47956E-5
127.021207451457	-3.43325E-5
127.087920270497	-4.95913E-5
127.154633089537	-8.01091E-5
127.221345908576	-8.77385E-5
127.288058727616	-2.86103E-5
127.354771546656	9.5368E-6
127.421484365695	9.5368E-6
127.488197184735	1.14442E-5
127.554910003775	3.43325E-5
127.621622822814	-5.72208E-6
127.688335641854	1.33515E-5
127.755048460894	-9.5368E-6
127.821761279933	3.81473E-6
127.888474098973	1.71663E-5
127.955186918012	3.62399E-5
128.021899737052	4.00546E-5
128.088612556092	5.72207E-5
128.155325375131	7.82018E-5
128.222038194171	1.04905E-4
128.288751013211	1.14441E-4
128.35546383225	1.31608E-4
128.42217665129	1.20163E-4
128.48888947033	9.15532E-5
128.555602289369	3.24252E-5
128.622315108409	3.81473E-6
128.689027927449	1.71663E-5
128.755740746488	6.67577E-5
128.822453565528	8.01091E-5
128.889166384567	1.08719E-4
128.955879203607	1.12534E-4
129.022592022647	7.82018E-5
129.089304841686	8.01091E-5
129.156017660726	1.27793E-4
129.222730479766	1.50681E-4
129.289443298805	1.35423E-4
129.356156117845	1.06812E-4
129.422868936885	8.39238E-5
129.489581755924	6.8665E-5
129.556294574964	5.53133E-5
129.623007394003	5.53133E-5
129.689720213043	5.53133E-5
129.756433032083	5.14986E-5
129.823145851122	6.48503E-5
129.889858670162	8.39238E-5
129.956571489202	1.02997E-4
130.023284308241	1.04905E-4
130.089997127281	1.18256E-4
130.156709946321	1.35423E-4
130.22342276536	1.25886E-4
130.2901355844	8.77385E-5
130.35684840344	8.39238E-5
130.423561222479	5.14986E-5
130.490274041519	5.53133E-5
130.556986860558	6.48503E-5
130.623699679598	1.0109E-4
130.690412498638	1.12534E-4
130.757125317677	6.10356E-5
130.823838136717	7.05724E-5
130.890550955757	8.20165E-5
130.957263774796	8.01091E-5
131.023976593836	1.14441E-4
131.090689412876	1.23979E-4
131.157402231915	1.35423E-4
131.224115050955	1.08719E-4
131.290827869995	5.3406E-5
131.357540689034	3.24252E-5
131.424253508074	0
131.490966327113	-2.28883E-5
131.557679146153	-7.62945E-6
131.624391965193	2.86103E-5
131.691104784232	7.62944E-5
131.757817603272	1.02997E-4
131.824530422312	9.91826E-5
131.891243241351	7.05724E-5
131.957956060391	2.0981E-5
132.024668879431	-3.81472E-5
132.09138169847	-8.01091E-5
132.15809451751	-4.57766E-5
132.224807336549	-2.0981E-5
132.291520155589	0
132.358232974629	1.52589E-5
132.424945793668	1.90736E-5
132.491658612708	5.72208E-6
132.558371431748	0
132.625084250787	1.14442E-5
132.691797069827	1.71663E-5
132.758509888867	7.62945E-6
132.825222707906	3.43325E-5
132.891935526946	3.81472E-5
132.958648345986	5.3406E-5
133.025361165025	2.28883E-5
133.092073984065	-9.5368E-6
133.158786803104	-1.33515E-5
133.225499622144	1.90736E-6
133.292212441184	5.53133E-5
133.358925260223	1.08719E-4
133.425638079263	1.02997E-4
